30 30 1 63
13 6 4 6 13 14 12 3 8 18 17 13 11 6 4 12 1 4 18 12 10 11 18 13 16 6 2 4 2 18 
8 17 10 9 15 2 6 5 9 16 9 16 2 8 3 3 19 5 7 7 8 3 7 11 11 18 6 4 4 2 
18 4 3 15 7 8 20 9 20 4 7 51 51 58 3 16 12 2 8 10 5 16 11 9 19 13 4 20 3 9 
3 7 1 11 12 19 14 5 6 8 58 63 46 60 44 2 4 15 2 6 14 10 4 9 17 7 10 14 3 8 
7 10 5 18 4 20 14 16 6 40 59 59 63 52 63 61 11 20 17 18 20 3 16 6 20 3 7 6 17 3 
13 19 14 20 18 3 18 7 3 55 55 42 47 62 40 54 12 8 7 3 6 12 14 19 12 6 2 2 5 12 
2 11 20 18 6 1 16 11 8 63 55 43 63 60 42 59 7 19 7 14 18 4 1 3 19 13 4 20 8 8 
9 17 13 20 16 18 5 14 4 8 62 60 54 51 44 17 6 3 20 12 5 1 10 14 2 15 15 3 3 19 
9 13 19 11 13 11 12 10 14 14 16 60 55 62 2 6 16 16 18 20 15 15 3 2 10 20 6 2 14 4 
9 10 14 3 10 19 10 15 8 14 51 47 52 57 48 15 5 19 15 7 6 20 6 10 14 8 19 9 6 17 
19 12 10 20 11 19 9 3 9 60 56 45 53 44 59 57 13 4 9 15 9 9 1 8 14 13 10 20 2 16 
10 47 46 49 46 52 51 51 57 42 40 40 50 45 56 43 44 48 47 59 49 51 45 48 53 51 10 13 1 14 
62 42 60 62 43 47 55 43 63 42 54 61 56 60 45 42 58 47 59 43 40 51 51 62 51 60 40 10 2 13 
1 55 63 61 59 55 45 59 49 61 40 60 50 53 63 47 47 54 47 60 61 47 49 57 59 40 11 16 9 6 
13 2 11 2 18 9 62 55 62 55 60 58 40 49 42 50 50 40 50 15 11 11 19 1 8 13 4 14 18 19 
4 6 19 2 2 3 41 49 56 45 46 59 42 48 42 59 46 45 63 12 5 17 3 12 9 14 6 4 20 4 
3 19 11 13 9 20 55 49 43 62 43 54 56 61 44 43 42 48 61 4 17 3 7 8 17 10 18 1 5 9 
10 10 18 5 5 13 54 63 52 59 49 48 61 41 45 52 41 63 49 17 4 4 1 6 7 5 5 4 13 6 
14 17 5 7 14 16 5 51 49 54 43 50 44 49 61 56 57 58 59 11 17 16 7 12 11 7 8 19 8 5 
17 11 5 10 14 9 18 40 56 42 57 40 42 53 60 62 40 50 56 11 11 18 17 17 14 18 9 18 19 3 
18 9 18 6 1 9 13 46 46 63 58 63 59 47 43 51 44 60 50 10 6 11 17 7 15 16 6 16 10 7 
18 7 6 20 9 11 12 60 52 48 41 43 62 45 41 40 51 52 4 1 19 14 19 9 15 17 13 17 15 7 
10 16 17 14 7 2 17 8 8 49 60 46 46 47 54 44 56 11 14 13 18 18 10 12 2 16 9 13 8 10 
9 19 16 1 3 3 5 3 53 41 63 55 57 59 54 50 55 49 20 8 13 14 9 20 8 18 12 5 9 10 
13 12 1 18 11 19 7 20 52 60 43 13 2 3 17 41 56 46 2 14 18 12 19 8 8 18 8 15 4 4 
2 20 13 11 5 16 14 14 59 57 53 4 11 2 8 47 50 55 11 12 13 11 7 11 20 11 2 6 17 19 
8 4 4 10 14 10 6 2 56 44 52 18 5 14 3 63 62 55 17 2 11 9 7 5 11 11 4 17 9 12 
18 18 11 17 14 8 15 19 63 60 60 5 18 9 1 54 43 60 6 10 15 6 16 17 20 4 3 19 9 3 
19 17 13 8 15 1 16 2 51 58 46 15 9 12 16 46 60 58 13 17 18 1 17 14 2 2 9 13 12 7 
6 17 14 15 19 13 10 7 42 56 55 2 6 12 16 59 48 56 1 12 15 7 2 12 4 18 3 8 11 7 
